camera_matrix:
- - 5458.234863294447
  - 0.0
  - 2600.5575822971205
- - 0.0
  - 5448.336987624083
  - 2328.667892735997
- - 0.0
  - 0.0
  - 1.0
dist_coeff:
- - 0.18494871079039435
  - -0.12488857463862614
  - -0.0047167088805565825
  - -0.014174067661997337
  - -4.971801531553936
