camera_matrix:
- - 3768.7531901437637
  - 0.0
  - 1015.9617547170028
- - 0.0
  - 3766.082200320183
  - 610.0182022285067
- - 0.0
  - 0.0
  - 1.0
dist_coeff:
- - 0.7520660101000486
  - -23.859395155405778
  - -0.002276493992468458
  - 0.0011125796909580545
  - 169.75527073056082
