camera_matrix:
- - 16022.315841753209
  - 0.0
  - 2783.0147049293705
- - 0.0
  - 15817.03139450184
  - 2436.0153633629925
- - 0.0
  - 0.0
  - 1.0
dist_coeff:
- - -0.5861262860858597
  - -32.32114982283624
  - 0.09093794280608826
  - 0.002734550343972861
  - 1522.989972328334
