camera_matrix:
- - 7599.980845366892
  - 0.0
  - 1535.6738764934703
- - 0.0
  - 7610.076060691117
  - 984.5149527160063
- - 0.0
  - 0.0
  - 1.0
dist_coeff:
- - -0.3173817127656927
  - 0.1264156875775143
  - 0.004433963194496104
  - -0.0019125155244108525
  - -153.0544887904815
